Gaussian kernel
(lambda, bandwidth, error)
(0.1, 1, 0.0875)
(0.1, 10, 0.09625)
(0.1, 100, 0.0925)

(1, 1, 0.09125)
(1, 10, 0.08875)
(1, 100, 0.1175)

(10, 1, 0.1175)
(10, 10, 0.1175)
(10, 100, 0.1175)


Linear
(lambda, alpha)


0.0001
[  2.41847028e+00   2.88931450e-04  -1.91484206e-01  -1.70179087e-03
   3.25816493e+00   3.61459686e-01   1.10543081e+00   9.99311758e-01
   1.54273792e+00   2.31627345e+00   7.45881937e-02  -1.29548824e+00
   1.27376250e+00   5.48178489e-01  -1.48065236e+00  -1.37602189e+00
  -1.80351903e+00  -6.40105831e-01  -1.73712235e+00  -1.33100161e+00
   1.33789765e+00  -5.82192993e-01  -1.95357256e-03   1.08856718e+00
  -2.36242413e+00  -3.51349396e+00]

0.01
[ 2.0027146   0.09358828 -0.17248321  0.00372521  2.67724932  0.34311617
  0.91894831  0.87582331  1.29255722  1.91202766  0.14759878 -1.04707678
  1.0607957   0.45428338 -1.23041484 -1.17592927 -1.51506491 -0.57038873
 -1.45508168 -1.13882162  1.07293089 -0.50759425 -0.00550705  0.91457435
 -1.96604573 -2.9402225 ]

1
[ 0.1687428   0.51599742  0.30213681  0.29481348  0.11909471  0.25919003
  0.12088451  0.30941376  0.19161711  0.13759177  0.42730321  0.42040996
  0.13959925 -0.34902078 -0.14749712 -0.28157096 -0.23782224 -0.26288725
 -0.21293495 -0.28014943 -0.46379548 -0.19588088 -0.26305971 -0.26758934
 -0.21346784  0.06947596]

10
[ 0.01000634  0.04802424  0.0246105   0.02380873  0.0045708   0.01990863
  0.00476675  0.02540719  0.01251065  0.00659589  0.03831388  0.0375592
  0.00681567 -0.0466791  -0.02461602 -0.03929461 -0.03450494 -0.03724909
 -0.03178024 -0.03913898 -0.05924479 -0.02991314 -0.03726797 -0.03776388
 -0.03183859 -0.00086152]


ls2 gaussian kernel
[-0.00190619  0.01226658  0.00400421  0.01393657  0.01438775  0.00906441
  0.01472752  0.00847017 -0.0051394  -0.00148165 -0.00693703  0.01038959
 -0.0153502   0.00759225  0.00566872  0.01183636  0.01355959  0.00710316
  0.01493687  0.0136522   0.00766752 -0.00195444  0.01383568  0.01061556
  0.00973567  0.0019658  -0.00491742  0.01421768  0.0115595   0.01281691
 -0.00517168  0.01480712  0.0148835   0.01221592  0.01503091  0.00207096
 -0.01504272  0.01483281  0.01116152  0.01466436  0.00378116  0.01271065
  0.00927799 -0.00733456  0.01267886  0.01453149  0.01472257  0.01480998
  0.01339131  0.01042434  0.00949525  0.00833845  0.01011625  0.01380505
  0.0149369  -0.00266147  0.01349267  0.01443041  0.01399016  0.01216359
  0.01099935 -0.01052709  0.01514781  0.00289637  0.01413632  0.01428512
  0.01441724  0.01266264 -0.00157273  0.00828262  0.01311467 -0.00905827
  0.00830535  0.01309397  0.01046277  0.01314793  0.00716751 -0.00369594
  0.01066709  0.01092004  0.01254138  0.01217587  0.0146589   0.00120366
  0.01460748  0.01428922  0.01378527  0.0121222   0.01406148  0.01127614
  0.0135032   0.00874406  0.00374567  0.01504296  0.00078534 -0.0016378
  0.01486782  0.00196744 -0.00047236  0.00963317 -0.02493596 -0.03044499
 -0.02227116 -0.02804842 -0.025819   -0.02428836 -0.02575278 -0.0246069
 -0.02730967 -0.02930862 -0.03004086 -0.02875027 -0.02909491  0.00076128
 -0.02937289 -0.02854878 -0.01611601 -0.01328708 -0.02951914 -0.02712655
 -0.02853944 -0.01234362 -0.01731715 -0.02777825 -0.01528877 -0.0301279
 -0.03034193 -0.029547   -0.02675247 -0.02398413 -0.02088367 -0.01332977
 -0.02838895 -0.02151516 -0.02896082 -0.03040553 -0.03003497 -0.01596712
 -0.0007433  -0.03055077 -0.01998873 -0.02767361 -0.02901472 -0.026442
 -0.0294545  -0.00493877 -0.01655346 -0.03035498 -0.01752854 -0.02527774
 -0.01819205 -0.01821149 -0.02127946 -0.01149173 -0.0224244  -0.03059578
 -0.02894876 -0.0296399  -0.02437051 -0.0282029  -0.02743445 -0.02975122
 -0.01821611 -0.02922414 -0.02055292 -0.0232396  -0.02995863 -0.0180705
 -0.02955653 -0.00015898 -0.0288057  -0.00901386 -0.02459472 -0.02671128
 -0.02811902 -0.02988356 -0.01674488 -0.02805022 -0.02170467 -0.0166936
 -0.02680499 -0.02509276 -0.02403218 -0.01260257 -0.02720033 -0.02908474
 -0.02822694 -0.03061906 -0.02731138 -0.01754214 -0.02888105 -0.02883895
 -0.02797211 -0.01281703 -0.02679642 -0.02533975 -0.03056251 -0.03024146
 -0.029971   -0.02945082]